2217199700
32251464900
256550400
23493837100
61418200
19012800
41577600
175161100
173847600
1284306900
15672797000
11297050000
11007758400
25152200
2631416300
24618844500
11462393200
11312061800
2610136900
31441332900
1817052900
263119300
252419300
2210985100
64985300
13313948100
1463899800
410390800
17554615700
57542900
12417197300
23425500
407575000
404966500
39136500
138666000
19051427900
100038800
1737095500
17019100
21661572800
226705100
357246100
95821400
123756000
124732900
215636200
15061700
34714400
2519208400
40588100
11186325600
33910000
25930100
34951200
1694429800
5348006000
42420888900
823542100
247957100
7369533600
998778000
1850682900
3962745100
1384321900
918151900
11799429800
7627067800
2617529900
2679691200
86526900
829920900
97305900
7549327200
55502300
81210000
26250300
56240000
29450800
87777800
1387430300
18230800
34525495800
863465800
13519000
862926100
11621100
20804600
1318230500
7865947000
43147200
11096405800
24569522200
2525598100
2598457000
86019500
22631377700
80530600
15111000
10389985400
15113389300
23082705200
7468889600
186906300
88914700
17650300
22750682900
411696600
7749200100
123996800
1695739600
2629286000
15521400
250052800
3838497600
41665200
72036000
63843000
11166221100
2234716400
971169200
957152300
41467500
173478800
89847500
1020960800
29081500
17307800
12265000
30000666600
39550900
15207600
37038200
91075000
972954100
400497800
10066155600
3354133700
294642500
23386601500
34452043100
878379700
10798419600
17487300
251694900
15222119500
382778700
22357065100
7551793000
18917400
35085300
1247567100
837990500
2573191300
157950500
15213818500
830073900
2598646600
10601605400
12215200
7112769700
13883800
26149900
247592900
115549900
134721900
822018000
7707345600
111211800
73977900
15215600
7110485600
2595172900
107595600
869652100
135975200
81714700
47820100
1567390600
113644300
